0.954140880889163
0.422665379232146
0.248423823576780
0.171952609699488
0.133516991783720
0.114753876308407
0.108104811232406
0.112548077616137
0.130574126697690
0.169346654664906
0.248423823576780
0.420696215856295
0.972110546198331
0.954140880889169
0.420696215856297
0.250429326040766
0.173079195206046
0.133516991783721
0.112548077616138
0.105487116315942
0.110831177210704
0.130574126697690
0.171952609699487
0.250429326040765
0.427103474350182
0.972110546198330
0.954140880889164
0.972110546198330
0.427103474350182
0.250429326040766
0.171952609699488
0.130574126697690
0.110831177210705
0.105487116315942
0.112548077616137
0.133516991783720
0.173079195206046
0.250429326040765
0.420696215856297
0.422665379232144
0.954140880889170
0.972110546198327
0.420696215856294
0.248423823576779
0.169346654664906
0.130574126697690
0.112548077616137
0.108104811232406
0.114753876308407
0.133516991783720
0.171952609699489
0.248423823576782
0.248423823576780
0.420696215856295
0.972110546198331
0.954140880889162
0.422665379232146
0.248423823576781
0.171952609699489
0.133516991783720
0.114753876308407
0.108104811232406
0.112548077616137
0.130574126697691
0.169346654664908
0.171952609699489
0.250429326040765
0.427103474350181
0.972110546198329
0.954140880889165
0.420696215856297
0.250429326040767
0.173079195206047
0.133516991783721
0.112548077616138
0.105487116315942
0.110831177210705
0.130574126697687
0.133516991783722
0.173079195206046
0.250429326040765
0.420696215856293
0.954140880889163
0.972110546198334
0.427103474350183
0.250429326040767
0.171952609699489
0.130574126697691
0.110831177210705
0.105487116315942
0.112548077616137
0.114753876308406
0.133516991783720
0.171952609699489
0.248423823576780
0.422665379232146
0.954140880889165
0.972110546198332
0.420696215856296
0.248423823576781
0.169346654664907
0.130574126697690
0.112548077616138
0.108104811232407
0.108104811232406
0.112548077616139
0.130574126697691
0.169346654664904
0.248423823576782
0.420696215856297
0.972110546198334
0.954140880889164
0.422665379232146
0.248423823576780
0.171952609699487
0.133516991783719
0.114753876308406
0.112548077616137
0.105487116315941
0.110831177210705
0.130574126697692
0.171952609699488
0.250429326040767
0.427103474350184
0.972110546198330
0.954140880889166
0.420696215856296
0.250429326040765
0.173079195206044
0.133516991783720
0.130574126697689
0.110831177210705
0.105487116315941
0.112548077616137
0.133516991783721
0.173079195206046
0.250429326040768
0.420696215856296
0.954140880889165
0.972110546198331
0.427103474350180
0.250429326040763
0.171952609699485
0.169346654664905
0.130574126697690
0.112548077616138
0.108104811232405
0.114753876308408
0.133516991783721
0.171952609699488
0.248423823576782
0.422665379232146
0.954140880889166
0.972110546198329
0.420696215856293
0.248423823576778
0.248423823576781
0.171952609699487
0.133516991783719
0.114753876308408
0.108104811232405
0.112548077616138
0.130574126697690
0.169346654664907
0.248423823576780
0.420696215856296
0.972110546198330
0.954140880889164
0.422665379232146
0.420696215856295
0.250429326040765
0.173079195206047
0.133516991783720
0.112548077616138
0.105487116315942
0.110831177210705
0.130574126697690
0.171952609699488
0.250429326040765
0.427103474350180
0.972110546198330
0.954140880889166
0.972110546198330
0.427103474350182
0.250429326040765
0.171952609699489
0.130574126697690
0.110831177210705
0.105487116315942
0.112548077616136
0.133516991783719
0.173079195206045
0.250429326040764
0.420696215856293
0.954140880889163
0.972110546198332
0.420696215856297
0.248423823576783
0.169346654664909
0.130574126697691
0.112548077616138
0.108104811232407
0.114753876308408
0.133516991783720
0.171952609699486
0.248423823576777
0.422665379232145
0.954140880889165