0.0134415823376972
0.00608439628713509
-0.00230727667323921
-0.00842350679111287
-0.0128174139324433
-0.0160345034112048
-0.0170507608533642
-0.0157243146093003
-0.0132256516698275
-0.00915859451563295
-0.00230727667323960
0.00531519236627687
0.0125434061197354
0.0134415823376983
0.00531519236627653
-0.00202163782843551
-0.00792308318614438
-0.0128174139324435
-0.0157243146093004
-0.0161379129253525
-0.0153498356993602
-0.0132256516698275
-0.00842350679111314
-0.00202163782843551
0.00492823711228163
0.0125434061197351
0.0134415823377001
0.0125434061197347
0.00492823711228296
-0.00202163782843579
-0.00842350679111348
-0.0132256516698279
-0.0153498356993601
-0.0161379129253524
-0.0157243146093003
-0.0128174139324436
-0.00792308318614388
-0.00202163782843556
0.00531519236627598
0.00608439628713198
0.0134415823376997
0.0125434061197356
0.00531519236627764
-0.00230727667324065
-0.00915859451563328
-0.0132256516698273
-0.0157243146093001
-0.0170507608533642
-0.0160345034112047
-0.0128174139324434
-0.00842350679111437
-0.00230727667323793
-0.00230727667323860
0.00531519236627709
0.0125434061197360
0.0134415823376948
0.00608439628713564
-0.00230727667324099
-0.00842350679111292
-0.0128174139324432
-0.0160345034112046
-0.0170507608533644
-0.0157243146093005
-0.0132256516698268
-0.00915859451563406
-0.00842350679111092
-0.00202163782843767
0.00492823711228274
0.0125434061197356
0.0134415823376945
0.00531519236627620
-0.00202163782843556
-0.00792308318614410
-0.0128174139324430
-0.0157243146093000
-0.0161379129253525
-0.0153498356993595
-0.0132256516698290
-0.0128174139324417
-0.00792308318614365
-0.00202163782843767
0.00531519236627598
0.0134415823376981
0.0125434061197347
0.00492823711228319
-0.00202163782843501
-0.00842350679111303
-0.0132256516698273
-0.0153498356993595
-0.0161379129253528
-0.0157243146093005
-0.0160345034112064
-0.0128174139324435
-0.00842350679111314
-0.00230727667323816
0.00608439628713287
0.0134415823376965
0.0125434061197358
0.00531519236627920
-0.00230727667323843
-0.00915859451563250
-0.0132256516698275
-0.0157243146092996
-0.0170507608533645
-0.0170507608533650
-0.0157243146092987
-0.0132256516698273
-0.00915859451563561
-0.00230727667323993
0.00531519236627420
0.0125434061197331
0.0134415823377001
0.00608439628713597
-0.00230727667323921
-0.00842350679111248
-0.0128174139324433
-0.0160345034112035
-0.0157243146093000
-0.0161379129253545
-0.0153498356993600
-0.0132256516698259
-0.00842350679111314
-0.00202163782843545
0.00492823711228363
0.0125434061197369
0.0134415823376954
0.00531519236627576
-0.00202163782843623
-0.00792308318614454
-0.0128174139324425
-0.0132256516698273
-0.0153498356993595
-0.0161379129253540
-0.0157243146092991
-0.0128174139324435
-0.00792308318614410
-0.00202163782843345
0.00531519236627709
0.0134415823376994
0.0125434061197367
0.00492823711228185
-0.00202163782843612
-0.00842350679111403
-0.00915859451563250
-0.0132256516698275
-0.0157243146092996
-0.0170507608533650
-0.0160345034112037
-0.0128174139324431
-0.00842350679111514
-0.00230727667323860
0.00608439628713642
0.0134415823376963
0.0125434061197347
0.00531519236627720
-0.00230727667323893
-0.00230727667324004
-0.00842350679111292
-0.0128174139324435
-0.0160345034112055
-0.0170507608533641
-0.0157243146093000
-0.0132256516698273
-0.00915859451563161
-0.00230727667323893
0.00531519236627631
0.0125434061197345
0.0134415823376983
0.00608439628713586
0.00531519236627642
-0.00202163782843567
-0.00792308318614432
-0.0128174139324426
-0.0157243146093000
-0.0161379129253545
-0.0153498356993600
-0.0132256516698259
-0.00842350679111381
-0.00202163782843556
0.00492823711228174
0.0125434061197347
0.0134415823377008
0.0125434061197345
0.00492823711228152
-0.00202163782843579
-0.00842350679111292
-0.0132256516698284
-0.0153498356993587
-0.0161379129253523
-0.0157243146093009
-0.0128174139324424
-0.00792308318614521
-0.00202163782843590
0.00531519236627687
0.0134415823376968
0.0125434061197345
0.00531519236627587
-0.00230727667323871
-0.00915859451563406
-0.0132256516698264
-0.0157243146093000
-0.0170507608533659
-0.0160345034112024
-0.0128174139324435
-0.00842350679111359
-0.00230727667323927
0.00608439628713575
0.0134415823376974