0.940699298551466
0.416580982945011
0.250731100250019
0.180376116490601
0.146334405716163
0.130788379719612
0.125155572085770
0.128272392225438
0.143799778367517
0.178505249180539
0.250731100250020
0.415381023490018
0.959567140078595
0.940699298551471
0.415381023490020
0.252450963869202
0.181002278392190
0.146334405716164
0.128272392225438
0.121625029241295
0.126181012910065
0.143799778367517
0.180376116490601
0.252450963869200
0.422175237237900
0.959567140078594
0.940699298551464
0.959567140078595
0.422175237237899
0.252450963869201
0.180376116490602
0.143799778367518
0.126181012910065
0.121625029241295
0.128272392225438
0.146334405716163
0.181002278392189
0.252450963869201
0.415381023490021
0.416580982945012
0.940699298551471
0.959567140078592
0.415381023490016
0.250731100250020
0.178505249180539
0.143799778367517
0.128272392225437
0.125155572085770
0.130788379719612
0.146334405716164
0.180376116490603
0.250731100250020
0.250731100250019
0.415381023490018
0.959567140078595
0.940699298551467
0.416580982945010
0.250731100250022
0.180376116490601
0.146334405716164
0.130788379719612
0.125155572085771
0.128272392225438
0.143799778367517
0.178505249180542
0.180376116490600
0.252450963869203
0.422175237237898
0.959567140078594
0.940699298551470
0.415381023490021
0.252450963869202
0.181002278392191
0.146334405716164
0.128272392225438
0.121625029241294
0.126181012910064
0.143799778367516
0.146334405716163
0.181002278392190
0.252450963869202
0.415381023490017
0.940699298551465
0.959567140078599
0.422175237237900
0.252450963869202
0.180376116490602
0.143799778367518
0.126181012910065
0.121625029241294
0.128272392225437
0.130788379719612
0.146334405716163
0.180376116490602
0.250731100250019
0.416580982945013
0.940699298551469
0.959567140078596
0.415381023490017
0.250731100250020
0.178505249180539
0.143799778367518
0.128272392225437
0.125155572085771
0.125155572085771
0.128272392225438
0.143799778367518
0.178505249180540
0.250731100250022
0.415381023490023
0.959567140078600
0.940699298551464
0.416580982945010
0.250731100250019
0.180376116490599
0.146334405716162
0.130788379719609
0.128272392225437
0.121625029241295
0.126181012910065
0.143799778367518
0.180376116490601
0.252450963869202
0.422175237237900
0.959567140078593
0.940699298551470
0.415381023490021
0.252450963869201
0.181002278392189
0.146334405716163
0.143799778367516
0.126181012910064
0.121625029241295
0.128272392225437
0.146334405716164
0.181002278392191
0.252450963869201
0.415381023490019
0.940699298551465
0.959567140078594
0.422175237237898
0.252450963869199
0.180376116490599
0.178505249180537
0.143799778367518
0.128272392225437
0.125155572085770
0.130788379719612
0.146334405716164
0.180376116490603
0.250731100250020
0.416580982945010
0.940699298551470
0.959567140078595
0.415381023490016
0.250731100250017
0.250731100250021
0.180376116490600
0.146334405716163
0.130788379719613
0.125155572085769
0.128272392225438
0.143799778367517
0.178505249180539
0.250731100250019
0.415381023490020
0.959567140078595
0.940699298551466
0.416580982945011
0.415381023490018
0.252450963869200
0.181002278392191
0.146334405716162
0.128272392225438
0.121625029241297
0.126181012910065
0.143799778367516
0.180376116490601
0.252450963869200
0.422175237237898
0.959567140078595
0.940699298551465
0.959567140078596
0.422175237237901
0.252450963869201
0.180376116490602
0.143799778367518
0.126181012910064
0.121625029241295
0.128272392225437
0.146334405716161
0.181002278392190
0.252450963869200
0.415381023490017
0.940699298551466
0.959567140078598
0.415381023490021
0.250731100250022
0.178505249180543
0.143799778367517
0.128272392225438
0.125155572085773
0.130788379719611
0.146334405716164
0.180376116490599
0.250731100250017
0.416580982945009
0.940699298551467